## Before Rehash
Functional tests passed!
0 0.116454
1 0.205009
2 0.318423
3 0.420624
4 0.509293
5 0.801527
6 0.910184
7 1.226967
8 1.481998
9 1.743675
10 1.938023
11 2.091657
12 2.556331
13 2.937725
14 3.136293
15 3.569574
16 3.745828
17 4.234052
18 4.572329
19 5.103678
20 5.607862
21 6.839189
22 6.946643
23 7.457133
24 7.462127
25 8.715282
26 9.085157
27 9.750866
28 10.894591
29 11.172269
30 11.299084
31 11.948989
32 12.511393
33 12.912026
34 13.526560
35 13.530939
36 14.270610
37 14.206720
38 13.954628
39 14.956216
40 15.336850
41 15.911309
42 16.788824
43 16.864899
44 17.364946
45 18.041056
46 18.308197
47 18.968394
48 19.107567

## After Rehash
Functional tests passed!
0 0.165386
1 0.390267
2 0.298099
3 1.099453
4 0.506244
5 0.662127
6 0.724579
7 3.045306
8 0.950367
9 1.098560
10 1.331248
11 1.780517
12 2.361681
13 2.471721
14 10.457800
15 2.388677
16 2.665670
17 2.962726
18 3.383122
19 3.896885
20 4.397253
21 4.466356
22 4.600083
23 5.603427
24 6.607448
25 6.871678
26 7.038630
27 7.557629
28 42.460029
29 7.135029
30 7.021553
31 7.326572
32 7.872989
33 9.041517
34 8.872513
35 8.649762
36 10.162900
37 9.648248
38 10.307470
39 11.777688
40 12.128674
41 12.867442
42 13.278495
43 13.841003
44 13.725541
45 14.946495
46 14.073025
47 15.532513
48 15.918619
49 16.992414
50 17.737816